$ANSIBLE_VAULT;1.1;AES256
65313963303261396130666566656335373539376162366339383062326235326133613932613731
3734363137633466623633343033356134386234356532330a373661303763633566393933363666
36383832626663343135333266333734323262303362383133656635623233313533626237323464
3030313764613566610a633464393533373861613935663331373662626263306563356337353332
32383666306135313730636365353736633963643231323836313663313665366363323033643039
33646438393236323365393136313832323639353162386334306165636563366265663737626130
33346366393664343238346564646565396563393638303734373738333431383865353133326537
62373061343632636137323437656437653436623434326264326232326332313564656663333330
61616334363539336138616337363561663935336632623839336137316365396266636137383264
36303365616265653665623737613933396366336136383236626338303131356465626437656338
37653630653238363931346237623863613664343134613262333762373538373866396263643335
38613733366432363338663161373930363937623166303964373265643132383632666234653439
62383735653464353761346163396531306131383933343134623835383234353166366430353837
38653938323637363239383939656532353362656465353931343366383161643561323138383636
35336237313931326136666232356362666361376238306261326464633733383633376661663131
34626137336335633131653665663165356637333561613634353234356165363731353262316564
37663732633866383737326135643761383066306233633636376230336461323935313235383030
62373465386666356433303561366636646535373432373661383139393735643232626233386436
64343131333461393166633437343566646636653562633632313932336536666135306233646466
64633935386332643566393735343033313336326165633363376236313436393834653134396665
32623061633963376664363963316139356435633036613435626430656330313739396539313637
39653761653963633838363237346335336331626539363962383631633537616539323063346464
66306261666365666331313366343735636634626161303964636365393137656338633862396139
34326337373835653465
