$ANSIBLE_VAULT;1.1;AES256
33643765633264373263353863383337346232383436653030363932326136343137623739626263
6361666565346434626266656237353039396132336365340a653431663665653637373835616434
62356334323937636436643463613063356330336335373839626335356666663538633333653433
6266353231626361610a656462363134653863373232316539613734333564633164376135366462
30393862346666333237306631333563363530666132386439613861616137306639333662343562
30623862303434343564366130623838616535656661366661613464353161613166333862353536
36653631323130343965613433303938633135663632623566376531393837633134356233383631
63333266333532333537313639373436363963383638366566363130616337313461666432336234
64613138653166393666633861393337386531306266663930663961353435343039306638313537
31313733636336383562386231383963626237323433643535363861343637303065613039623736
33343061653930623433306333376133336539303736643066636338333138323761303131336334
66363062643139646431663836326436303331323163323434336531653961363661386231336434
35326539346332376462313564626666393238353739646135613531306538363133626466383265
64383230373461656633323465333130643466636166633264393733313236626266393862353961
63326262383338353433656663363535393066353637663737376631393461376438303062333038
39336636363139656331326535373265356538653162613464393966303338306562353864343438
61646235663565663235613161313438626535643534393866613662313236323661313332373333
38663164313763393334306435623431653833383530313530626634366661356136363962333934
65373032656635623833663936666265633965363265306335343366346265623666653830323632
34363439393434653934646465363637353562366666616463383533626135353764313930363962
32333061353166353938363234653532313833653030623665316537653639656561333438613363
36333434356233633931313735663361356132303361343633323736643133663536663938613931
63353065663537383766663839653231376465663233633464643238306232643933623331386636
39643165643235313531
