$ANSIBLE_VAULT;1.1;AES256
61313965353264323230623038303538643763366233393065393737303334323232353032623865
3336333865613732616538386331353030303437643361350a353832363135373765323632363564
31333730616637326662306434333264356131356335313339306461303132343934353938623936
6466646462306538340a623435666337653964333837306236326531363263616663396338313336
32636535343438663737303361323939343335316430376361373139376464363137653765396131
34373737396361303734393137353561663833636636363032366133633866343833306263303861
65623734373537373266616236393535323936353065376366333864376637393732633866363161
61333933646166666133376139306165303430616561383133326163386164616330653266633765
66653530613535636134313762656636356435306133646439326435383834336165663865376139
66343664396534656464393361613935306166323335366361613131643530656662383032656630
64653564663830336234366164343566363263633164356662633330353333326139336139353837
36383865323363663966613036663435626237626663323965336234343766346462393465396566
39643438623464613266643262393533623230396237313839353839336261656131396431623734
34316637303836366537336632386162633334633436336566356338653735373034393763616137
35663666386333613465663366643861626439646361303964383961303030666331366331333434
34376636333865646532343334383130323030376265633665346539383662303834306566383737
64653532303139653534653630653165303733303464663730376435333839616436333464646165
32363661613031383966393262633936363931663432383737616238646565383065666238646134
65666636383632643066646334616339323766336565363435363037653033373764383261303839
35303330623665316661623862633336393033383331636637373864623133346162323033353638
38666531386262393330333561646164393131316134356162656433356230333433643066366633
30653734333161333162306536396365333565326332613931633431366663316239393539613565
37666266303931303232663539326461626438396235356130383432323663393334363765336162
36623766363662666335
